1 0.22384576612903223 0.10685483870967742 0.10855846774193545 0.114247311827957
1 0.4360282258064515 0.11962365591397851 0.11304435483870968 0.1048387096774194
3 0.2534526209677419 0.33333333333333337 0.18930443548387094 0.3010752688172043
3 0.45307459677419354 0.3649193548387097 0.1489314516129032 0.29973118279569894
4 0.24448084677419352 0.8770161290322581 0.06190524193548384 0.0873655913978493
4 0.3355443548387096 0.8454301075268816 0.08433467741935484 0.09408602150537647
4 0.43468245967741936 0.8776881720430109 0.06011088709677417 0.08333333333333329
4 0.5266431451612903 0.8797043010752688 0.03947580645161295 0.06586021505376337
0 0.35303931451612897 0.27150537634408595 0.0690826612903224 0.09139784946236557
0 0.4678780241935486 0.2741935483870968 0.07267137096774144 0.05645161290322567
0 0.516774193548387 0.5221774193548387 0.041270161290322564 0.12768817204301086
