1 0.20463709677419353 0.2432795698924731 0.10887096774193546 0.08333333333333336
1 0.5161290322580645 0.3084677419354838 0.07661290322580633 0.09543010752688179
1 0.6703629032258064 0.29637096774193544 0.06048387096774206 0.08736559139784948
1 0.7368951612903225 0.2997311827956989 0.09274193548387089 0.09408602150537636
3 0.21219758064516128 0.4038978494623655 0.1643145161290322 0.1868279569892473
3 0.5141129032258064 0.47849462365591394 0.13709677419354846 0.17473118279569896
3 0.6824596774193548 0.46841397849462363 0.08266129032258078 0.15725806451612911
3 0.7545362903225805 0.48991935483870963 0.11995967741935473 0.24059139784946232
4 0.19506048387096772 0.8454301075268816 0.05141129032258064 0.0672043010752688
4 0.2565524193548387 0.8279569892473116 0.06552419354838712 0.06989247311827967
4 0.4566532258064515 0.8064516129032256 0.06451612903225808 0.043010752688172005
4 0.5211693548387096 0.7977150537634407 0.034274193548386976 0.04166666666666671
4 0.6980846774193548 0.8319892473118279 0.06350806451612896 0.14516129032258063
4 0.7782258064516128 0.9233870967741936 0.07258064516129024 0.15322580645161296
