2 0.30928626247122026 0.22275971259540372 0.09516500383729848 0.09560009910503318
1 0.2885648503453569 0.1770082365951378 0.16730621642363774 0.22534309074757825
3 0.30237912509593246 0.655691589971054 0.31926323867996925 0.5572120062121935
3 0.5138142747505756 0.6147201189260397 0.07597851112816571 0.15022872716505212
3 0.6055257099002302 0.6031115354632859 0.08288564850345352 0.15978873707555558
3 0.7083653108211818 0.6017458197617853 0.07981580966999217 0.14886301146355174
3 0.8039140445126631 0.6338401387470465 0.08211818879508825 0.1748116097920608
3 0.9167306216423637 0.6188172660305412 0.10360706062931711 0.19393162961306742
1 0.5993860322333078 0.4788314066267427 0.036838066001534955 0.04506861814951563
1 0.7064466615502687 0.4706371124177398 0.03760552570990043 0.0587257751645204
1 0.13468917881811204 0.46858853886548907 0.04681504221028396 0.07921151068702742
1 0.808518802762855 0.4617599603579868 0.0468150422102839 0.060091490866020864
1 0.7943207981580965 0.49521999504474834 0.04604758250191864 0.05053148095551748
1 0.908672294704528 0.45356566614898386 0.052187260168840906 0.06555435367202278
